0 Slope Brick Curved  2 x  8 x  2 Inverted Double
0 Name: 11301.dat
0 Author: Kevin Roach [kroach]
0 !LDRAW_ORG Unofficial_Part
0 !LICENSE Redistributable under CCAL version 2.0 : see CAreadme.txt

0 BFC CERTIFY CCW

0 !HISTORY 2014-02-07 [KROACH] Fixed line errors
0 !HISTORY 2014-02-07 [KROACH] Reworked bottom area

1 16 0 0 0 1 0 0 0 1 0 0 0 1 s\11301s01.dat
1 16 0 0 0 -1 0 0 0 1 0 0 0 -1 s\11301s01.dat

5 24 -26 44 0 -26 41.7867 0 -25.5433 44 2.2961 -25.5433 44 -2.2961
5 24 -25.5433 44 2.2961 -25.5433 42.0919 2.2961 -24.2426 44 4.2426 -26 44 0
5 24 -24.2426 44 4.2426 -24.2426 40.6018 4.2426 -22.2961 44 5.5433 -25.5433 44 2.2961
5 24 -22.2961 44 5.5433 -22.2961 41.5433 5.5433 -20 44 6 -24.2426 44 4.2426
5 24 -20 44 6 -20 42 6 -17.7039 44 5.5433 -22.2961 44 5.5433
5 24 -17.7039 44 5.5433 -17.7039 41.5433 5.5433 -15.7574 44 4.2426 -20 44 6
5 24 -15.7574 44 4.2426 -15.7574 40.6018 4.2426 -14.4567 44 2.2961 -17.7039 44 5.5433
5 24 -14.4567 44 2.2961 -14.4567 42.0919 2.2961 -14 44 0 -15.7574 44 4.2426
5 24 -14 44 0 -14 41.7867 0 -14.4567 44 -2.2961 -14.4567 44 2.2961
5 24 -14.4567 44 -2.2961 -14.4567 42.0919 -2.2961 -15.7574 44 -4.2426 -14 44 0
5 24 -15.7574 44 -4.2426 -15.7574 40.6018 -4.2426 -17.7039 44 -5.5433 -14.4567 44 -2.2961
5 24 -17.7039 44 -5.5433 -17.7039 41.5433 -5.5433 -20 44 -6 -15.7574 44 -4.2426
5 24 -20 44 -6 -20 42 -6 -22.2961 44 -5.5433 -17.7039 44 -5.5433
5 24 -22.2961 44 -5.5433 -22.2961 41.5433 -5.5433 -24.2426 44 -4.2426 -20 44 -6
5 24 -24.2426 44 -4.2426 -24.2426 40.6018 -4.2426 -25.5433 44 -2.2961 -22.2961 44 -5.5433
5 24 -25.5433 44 -2.2961 -25.5433 42.0919 -2.2961 -26 44 0 -24.2426 44 -4.2426
5 24 -28 40 0 -28 44 0 -27.391 44 3.0615 -27.391 44 -3.0615
5 24 -27.391 44 3.0615 -27.391 40.5922 3.0615 -25.6569 44 5.6569 -28 44 0
5 24 -25.6569 44 5.6569 -25.6569 39.6569 5.6569 -23.0615 44 7.391 -27.391 44 3.0615
5 24 -23.0615 44 7.391 -23.0615 41.391 7.391 -20 44 8 -25.6569 44 5.6569
5 24 -20 44 8 -20 42 8 -16.9385 44 7.391 -23.0615 44 7.391
5 24 -16.9385 44 7.391 -16.9385 41.391 7.391 -14.3431 44 5.6569 -20 44 8
5 24 -14.3431 44 5.6569 -14.3431 39.6569 5.6569 -12.609 44 3.0615 -16.9385 44 7.391
5 24 -12.609 44 3.0615 -12.609 40.5922 3.0615 -12 44 0 -14.3431 44 5.6569
5 24 -12 44 0 -12 39.6808 0 -12.609 44 -3.0615 -12.609 44 3.0615
5 24 -12.609 44 -3.0615 -12.609 40.5922 -3.0615 -14.3431 44 -5.6569 -12 44 0
5 24 -14.3431 44 -5.6569 -14.3431 39.6569 -5.6569 -16.9385 44 -7.391 -12.609 44 -3.0615
5 24 -16.9385 44 -7.391 -16.9385 41.391 -7.391 -20 44 -8 -14.3431 44 -5.6569
5 24 -20 44 -8 -20 42 -8 -23.0615 44 -7.391 -16.9385 44 -7.391
5 24 -23.0615 44 -7.391 -23.0615 41.391 -7.391 -25.6569 44 -5.6569 -20 44 -8
5 24 -25.6569 44 -5.6569 -25.6569 39.6569 -5.6569 -27.391 44 -3.0615 -23.0615 44 -7.391
5 24 -27.391 44 -3.0615 -27.391 40.5922 -3.0615 -28 44 0 -25.6569 44 -5.6569
4 16 -25.5433 42.0919 2.2961 -26 41.7867 0 -26 44 0 -25.5433 44 2.2961
4 16 -24.2426 44 4.2426 -24.4048 42.8526 4 -25.5433 42.0919 2.29611 -25.5433 44 2.2961
4 16 -24.4048 40.4935 4 -24.4048 42.8526 4 -24.2426 44 4.2426 -24.2426 40.6018 4.2426
4 16 -22.2961 41.5433 5.5433 -23.0615 41.391 5.0319 -24.2426 44 4.2426 -22.2961 44 5.5433
3 16 -23.0615 41.391 5.0319 -24.2426 40.6018 4.2426 -24.2426 44 4.2426
4 16 -20 44 6 -20 42 6 -22.2961 41.5433 5.5433 -22.2961 44 5.5433
4 16 -17.7039 44 5.5433 -17.7039 41.5433 5.5433 -20 42 6 -20 44 6
4 16 -17.7039 41.5433 5.5433 -17.7039 44 5.5433 -15.7574 44 4.2426 -16.9385 41.391 5.0319
3 16 -15.7574 40.6018 4.2426 -16.9385 41.391 5.0319 -15.7574 44 4.2426
4 16 -15.7574 44 4.2426 -14.4567 44 2.2961 -14.4567 42.0919 2.2961 -15.5952 42.8526 4
4 16 -15.7574 44 4.2426 -15.5952 42.8526 4 -15.5952 40.4935 4 -15.7574 40.6018 4.2426
4 16 -14.4567 42.0919 2.2961 -14.4567 44 2.2961 -14 44 0 -14 41.7867 0
4 16 -14.4567 42.0919 -2.2961 -14 41.7867 0 -14 44 0 -14.4567 44 -2.2961
4 16 -15.5952 42.8526 -4 -14.4567 42.0919 -2.2961 -14.4567 44 -2.2961 -15.7574 44 -4.2426
4 16 -15.5952 42.8526 -4 -15.7574 44 -4.2426 -15.7574 40.6018 -4.2426 -15.5952 40.4935 -4
4 16 -16.9385 41.391 -5.0319 -15.7574 44 -4.2426 -17.7039 44 -5.5433 -17.7039 41.5433 -5.5433
3 16 -15.7574 44 -4.2426 -16.9385 41.391 -5.0319 -15.7574 40.6018 -4.2426
4 16 -20 44 -6 -20 42 -6 -17.7039 41.5433 -5.5433 -17.7039 44 -5.5433
4 16 -20 44 -6 -22.2961 44 -5.5433 -22.2961 41.5433 -5.5433 -20 42 -6
4 16 -23.0615 41.391 -5.0319 -22.2961 41.5433 -5.5433 -22.2961 44 -5.5433 -24.2426 44 -4.2426
3 16 -23.0615 41.391 -5.0319 -24.2426 44 -4.2426 -24.2426 40.6018 -4.2426
4 16 -24.4048 42.8526 -4 -24.2426 44 -4.2426 -25.5433 44 -2.2961 -25.5433 42.0919 -2.2961
4 16 -24.4048 42.8526 -4 -24.4048 40.4935 -4 -24.2426 40.6018 -4.2426 -24.2426 44 -4.2426
4 16 -26 41.7867 0 -25.5433 42.0919 -2.2961 -25.5433 44 -2.2961 -26 44 0

4 16 -27.391 44 3.0615 -28 44 0 -28 40 0 -27.8011 40 1
4 16 -27.8011 40 1 -27.8011 39.9785 1 -27.391 40.5922 3.0615 -27.391 44 3.0615
4 16 -25.6569 44 5.6569 -26.7639 41.2763 4 -26.7639 38 4 -25.6569 39.6569 5.6569
4 16 -27.0711 41.0711 3.5403 -26.7639 41.2763 4 -25.6569 44 5.6569 -27.391 44 3.0615
3 16 -27.391 44 3.0615 -27.391 40.5922 3.0615 -27.0711 41.0711 3.5403
4 16 -23.0615 41.391 7.391 -23.0615 44 7.391 -25.6569 44 5.6569 -25.6569 39.6569 5.6569
4 16 -20 42 8 -20 44 8 -23.0615 44 7.391 -23.0615 41.391 7.391
4 16 -16.9385 44 7.391 -20 44 8 -20 42 8 -16.9385 41.391 7.391
4 16 -14.3431 44 5.6569 -16.9385 44 7.391 -16.9385 41.391 7.391 -14.3431 39.6569 5.6569
3 16 -12.609 40.5922 3.0615 -12.609 44 3.0615 -12.9289 41.0711 3.5403
4 16 -14.3431 39.6569 5.6569 -13.2361 38 4 -13.2361 41.2763 4 -14.3431 44 5.6569
4 16 -13.2361 41.2763 4 -12.9289 41.0711 3.5403 -12.609 44 3.0615 -14.3431 44 5.6569
4 16 -12 44 0 -12.609 44 3.0615 -12.609 40.5922 3.0615 -12 39.6808 0
4 16 -12.609 44 -3.0615 -12 44 0 -12 39.6808 0 -12.609 40.5922 -3.0615
4 16 -13.2361 38 -4 -14.3431 39.6569 -5.6569 -14.3431 44 -5.6569 -13.2361 41.2763 -4
4 16 -14.3431 44 -5.6569 -12.609 44 -3.0615 -12.9289 41.0711 -3.5403 -13.2361 41.2763 -4
3 16 -12.609 44 -3.0615 -12.609 40.5922 -3.0615 -12.9289 41.0711 -3.5403
4 16 -16.9385 44 -7.391 -14.3431 44 -5.6569 -14.3431 39.6569 -5.6569 -16.9385 41.391 -7.391
4 16 -16.9385 44 -7.391 -16.9385 41.391 -7.391 -20 42 -8 -20 44 -8
4 16 -23.0615 44 -7.391 -20 44 -8 -20 42 -8 -23.0615 41.391 -7.391
4 16 -25.6569 39.6569 -5.6569 -25.6569 44 -5.6569 -23.0615 44 -7.391 -23.0615 41.391 -7.391
4 16 -27.0711 41.0711 -3.5403 -27.391 44 -3.0615 -25.6569 44 -5.6569 -26.7639 41.2763 -4
4 16 -25.6569 44 -5.6569 -25.6569 39.6569 -5.6569 -26.7639 38 -4 -26.7639 41.2763 -4
3 16 -27.391 44 -3.0615 -27.0711 41.0711 -3.5403 -27.391 40.5922 -3.0615
4 16 -27.8011 40 -1 -28 40 0 -28 44 0 -27.391 44 -3.0615
4 16 -27.8011 40 -1 -27.391 44 -3.0615 -27.391 40.5922 -3.0615 -27.8011 39.9785 -1
2 24 -26 41.7867 0 -25.5433 42.0919 2.2961
2 24 -25.5433 42.0919 2.2961 -24.4048 42.8526 4
2 24 -24.4048 42.8526 4 -24.4048 40.4935 4
2 24 -24.4048 40.4935 4 -24.2426 40.6018 4.2426
2 24 -24.2426 40.6018 4.2426 -23.0615 41.391 5.0319
2 24 -23.0615 41.391 5.0319 -22.2961 41.5433 5.5433
2 24 -22.2961 41.5433 5.5433 -20 42 6
2 24 -20 42 6 -17.7039 41.5433 5.5433
2 24 -16.9385 41.391 5.0319 -15.7574 40.6018 4.2426
2 24 -17.7039 41.5433 5.5433 -16.9385 41.391 5.0319
2 24 -15.5952 42.8526 4 -14.4567 42.0919 2.2961
2 24 -15.7574 40.6018 4.2426 -15.5952 40.4935 4
2 24 -15.5952 40.4935 4 -15.5952 42.8526 4
2 24 -14.4567 42.0919 2.2961 -14 41.7867 0
2 24 -14 41.7867 0 -14.4567 42.0919 -2.2961
2 24 -14.4567 42.0919 -2.2961 -15.5952 42.8526 -4
2 24 -15.5952 40.4935 -4 -15.7574 40.6018 -4.2426
2 24 -15.5952 42.8526 -4 -15.5952 40.4935 -4
2 24 -16.9385 41.391 -5.0319 -17.7039 41.5433 -5.5433
2 24 -15.7574 40.6018 -4.2426 -16.9385 41.391 -5.0319
2 24 -17.7039 41.5433 -5.5433 -20 42 -6
2 24 -20 42 -6 -22.2961 41.5433 -5.5433
2 24 -22.2961 41.5433 -5.5433 -23.0615 41.391 -5.0319
2 24 -23.0615 41.391 -5.0319 -24.2426 40.6018 -4.2426
2 24 -24.4048 42.8526 -4 -25.5433 42.0919 -2.2961
2 24 -24.2426 40.6018 -4.2426 -24.4048 40.4935 -4
2 24 -24.4048 40.4935 -4 -24.4048 42.8526 -4
2 24 -25.5433 42.0919 -2.2961 -26 41.7867 0
2 24 -27.391 40.5922 3.0615 -27.8011 39.9785 1
2 24 -27.8011 40 1 -28 40 0
2 24 -27.8011 39.9785 1 -27.8011 40 1
2 24 -25.6569 39.6569 5.6569 -26.7639 38 4
2 24 -26.7639 38 4 -26.7639 41.2763 4
2 24 -27.0711 41.0711 3.5403 -27.391 40.5922 3.0615
2 24 -26.7639 41.2763 4 -27.0711 41.0711 3.5403
2 24 -23.0615 41.391 7.391 -25.6569 39.6569 5.6569
2 24 -20 42 8 -23.0615 41.391 7.391
2 24 -16.9385 41.391 7.391 -20 42 8
2 24 -14.3431 39.6569 5.6569 -16.9385 41.391 7.391
2 24 -12.9289 41.0711 3.5403 -13.2361 41.2763 4
2 24 -12.609 40.5922 3.0615 -12.9289 41.0711 3.5403
2 24 -14.146 39.362 5.362 -14.3431 39.6569 5.6569
2 24 -13.2361 38 4 -14.146 39.362 5.362
2 24 -13.2361 41.2763 4 -13.2361 38 4
2 24 -12 39.6808 0 -12.609 40.5922 3.0615
2 24 -12.609 40.5922 -3.0615 -12 39.6808 0
2 24 -14.3431 39.6569 -5.6569 -13.2361 38 -4
2 24 -13.2361 38 -4 -13.2361 41.2763 -4
2 24 -12.9289 41.0711 -3.5403 -12.609 40.5922 -3.0615
2 24 -13.2361 41.2763 -4 -12.9289 41.0711 -3.5403
2 24 -16.9385 41.391 -7.391 -14.3431 39.6569 -5.6569
2 24 -20 42 -8 -16.9385 41.391 -7.391
2 24 -23.0615 41.391 -7.391 -20 42 -8
2 24 -25.6569 39.6569 -5.6569 -23.0615 41.391 -7.391
2 24 -27.391 40.5922 -3.0615 -27.0711 41.0711 -3.5403
2 24 -26.7639 41.2763 -4 -26.7639 38 -4
2 24 -26.7639 38 -4 -25.6569 39.6569 -5.6569
2 24 -27.0711 41.0711 -3.5403 -26.7639 41.2763 -4
2 24 -27.8011 39.9785 -1 -27.391 40.5922 -3.0615
2 24 -27.8011 40 -1 -27.8011 39.9785 -1
2 24 -28 40 0 -27.801 40 -1

5 24 6 44 0 6 41.7867 0 5.5433 44 -2.2961 5.5433 44 2.2961
5 24 5.5433 44 -2.2961 5.5433 42.0919 -2.2961 4.2426 44 -4.2426 6 44 0
5 24 4.2426 44 -4.2426 4.2426 40.6018 -4.2426 2.2961 44 -5.5433 5.5433 44 -2.2961
5 24 2.2961 44 -5.5433 2.2961 41.5433 -5.5433 0 44 -6 4.2426 44 -4.2426
5 24 0 44 -6 0 42 -6 -2.2961 44 -5.5433 2.2961 44 -5.5433
5 24 -2.2961 44 -5.5433 -2.2961 41.5433 -5.5433 -4.2426 44 -4.2426 0 44 -6
5 24 -4.2426 44 -4.2426 -4.2426 40.6018 -4.2426 -5.5433 44 -2.2961 -2.2961 44 -5.5433
5 24 -5.5433 44 -2.2961 -5.5433 42.0919 -2.2961 -6 44 0 -4.2426 44 -4.2426
5 24 -6 44 0 -6 41.7867 0 -5.5433 44 2.2961 -5.5433 44 -2.2961
5 24 -5.5433 44 2.2961 -5.5433 42.0919 2.2961 -4.2426 44 4.2426 -6 44 0
5 24 -4.2426 44 4.2426 -4.2426 40.6018 4.2426 -2.2961 44 5.5433 -5.5433 44 2.2961
5 24 -2.2961 44 5.5433 -2.2961 41.5433 5.5433 0 44 6 -4.2426 44 4.2426
5 24 0 44 6 0 42 6 2.2961 44 5.5433 -2.2961 44 5.5433
5 24 2.2961 44 5.5433 2.2961 41.5433 5.5433 4.2426 44 4.2426 0 44 6
5 24 4.2426 44 4.2426 4.2426 40.6018 4.2426 5.5433 44 2.2961 2.2961 44 5.5433
5 24 5.5433 44 2.2961 5.5433 42.0919 2.2961 6 44 0 4.2426 44 4.2426
5 24 8 44 0 8 39.6808 0 7.391 44 -3.0615 7.391 44 3.0615
5 24 7.391 44 -3.0615 7.391 40.5922 -3.0615 5.6569 44 -5.6569 8 44 0
5 24 5.6569 44 -5.6569 5.6569 39.6569 -5.6569 3.0615 44 -7.391 7.391 44 -3.0615
5 24 3.0615 44 -7.391 3.0615 41.391 -7.391 0 44 -8 5.6569 44 -5.6569
5 24 0 44 -8 0 42 -8 -3.0615 44 -7.391 3.0615 44 -7.391
5 24 -3.0615 44 -7.391 -3.0615 41.391 -7.391 -5.6569 44 -5.6569 0 44 -8
5 24 -5.6569 44 -5.6569 -5.6569 39.6569 -5.6569 -7.391 44 -3.0615 -3.0615 44 -7.391
5 24 -7.391 44 -3.0615 -7.391 40.5922 -3.0615 -8 44 0 -5.6569 44 -5.6569
5 24 -8 44 0 -8 39.6808 0 -7.391 44 3.0615 -7.391 44 -3.0615
5 24 -7.391 44 3.0615 -7.391 40.5922 3.0615 -5.6569 44 5.6569 -8 44 0
5 24 -5.6569 44 5.6569 -5.6569 39.6569 5.6569 -3.0615 44 7.391 -7.391 44 3.0615
5 24 -3.0615 44 7.391 -3.0615 41.391 7.391 0 44 8 -5.6569 44 5.6569
5 24 0 44 8 0 42 8 3.0615 44 7.391 -3.0615 44 7.391
5 24 3.0615 44 7.391 3.0615 41.391 7.391 5.6569 44 5.6569 0 44 8
5 24 5.6569 44 5.6569 5.6569 39.6569 5.6569 7.391 44 3.0615 3.0615 44 7.391
5 24 7.391 44 3.0615 7.391 40.5922 3.0615 8 44 0 5.6569 44 5.6569
4 16 5.5433 42.0919 -2.2961 6 41.7867 0 6 44 0 5.5433 44 -2.2961
4 16 4.2426 44 -4.2426 4.4048 42.8526 -4 5.5433 42.0919 -2.2961 5.5433 44 -2.2961
4 16 4.4048 40.4935 -4 4.4048 42.8526 -4 4.2426 44 -4.2426 4.2426 40.6018 -4.2426
4 16 3.0615 41.391 -5.0319 4.2426 40.6018 -4.2426 4.2426 44 -4.2426 2.2961 44 -5.5433
3 16 2.2961 44 -5.5433 2.2961 41.5433 -5.5433 3.0615 41.391 -5.0319
4 16 0 44 -6 0 42 -6 2.2961 41.5433 -5.5433 2.2961 44 -5.5433
4 16 -2.2961 44 -5.5433 -2.2961 41.5433 -5.5433 0 42 -6 0 44 -6
4 16 -3.0615 41.391 -5.0319 -2.2961 44 -5.5433 -4.2426 44 -4.2426 -4.2426 40.6018 -4.2426
3 16 -3.0615 41.391 -5.0319 -2.2961 41.5433 -5.5433 -2.2961 44 -5.5433
4 16 -4.2426 44 -4.2426 -5.5433 44 -2.2961 -5.5433 42.0919 -2.2961 -4.4048 42.8526 -4
4 16 -4.2426 44 -4.2426 -4.4048 42.8526 -4 -4.4048 40.4935 -4 -4.2426 40.6018 -4.2426
4 16 -5.5433 42.0919 -2.2961 -5.5433 44 -2.2961 -6 44 0 -6 41.7867 0
4 16 -5.5433 42.0919 2.2961 -6 41.7867 0 -6 44 0 -5.5433 44 2.2961
4 16 -4.4048 42.8526 4 -5.5433 42.0919 2.2961 -5.5433 44 2.2961 -4.2426 44 4.2426
4 16 -4.4048 42.8526 4 -4.2426 44 4.2426 -4.2426 40.6018 4.2426 -4.4048 40.4935 4
4 16 -3.0615 41.391 5.0319 -4.2426 44 4.2426 -2.2961 44 5.5433 -2.2961 41.5433 5.5433
3 16 -4.2426 44 4.2426 -3.0615 41.391 5.0319 -4.2426 40.6018 4.2426
4 16 0 44 6 0 42 6 -2.2961 41.5433 5.5433 -2.2961 44 5.5433
4 16 0 44 6 2.2961 44 5.5433 2.2961 41.5433 5.5433 0 42 6
4 16 3.0615 41.391 5.0319 2.2961 41.5433 5.5433 2.2961 44 5.5433 4.2426 44 4.2426
3 16 3.0615 41.391 5.0319 4.2426 44 4.2426 4.2426 40.6018 4.2426
4 16 4.4048 42.8526 4 4.2426 44 4.2426 5.5433 44 2.2961 5.5433 42.0919 2.2961
4 16 4.4048 42.8526 4 4.4048 40.4935 4 4.2426 40.6018 4.2426 4.2426 44 4.2426
4 16 6 41.7867 0 5.5433 42.0919 2.2961 5.5433 44 2.2961 6 44 0

4 16 7.391 44 -3.0615 8 44 0 8 39.6808 0 7.391 40.5922 -3.0615
4 16 5.6569 44 -5.6569 6.7639 41.2763 -4 6.7639 38 -4 5.6569 39.6569 -5.6569
4 16 7.07111 41.0711 -3.5403 6.7639 41.2763 -4 5.6569 44 -5.6569 7.391 44 -3.0615
3 16 7.391 44 -3.0615 7.391 40.5922 -3.0615 7.07111 41.0711 -3.5403
4 16 3.0615 41.391 -7.391 3.0615 44 -7.391 5.6569 44 -5.6569 5.6569 39.6569 -5.6569
4 16 0 42 -8 0 44 -8 3.0615 44 -7.391 3.0615 41.391 -7.391
4 16 -3.0615 44 -7.391 0 44 -8 0 42 -8 -3.0615 41.391 -7.391
4 16 -5.6569 44 -5.6569 -3.0615 44 -7.391 -3.0615 41.391 -7.391 -5.6569 39.6569 -5.6569
4 16 -5.6569 39.6569 -5.6569 -6.7639 38 -4 -6.7639 41.2763 -4 -5.6569 44 -5.6569
4 16 -6.7639 41.2763 -4 -7.07111 41.0711 -3.5403 -7.391 44 -3.0615 -5.6569 44 -5.6569
3 16 -7.391 40.5922 -3.0615 -7.391 44 -3.0615 -7.07111 41.0711 -3.5403
4 16 -8 44 0 -7.391 44 -3.0615 -7.391 40.5922 -3.0615 -8 39.6808 0
4 16 -7.391 44 3.0615 -8 44 0 -8 39.6808 0 -7.391 40.5922 3.0615
4 16 -6.7639 38 4 -5.6569 39.6569 5.6569 -5.6569 44 5.6569 -6.7639 41.2763 4
4 16 -5.6569 44 5.6569 -7.391 44 3.0615 -7.07111 41.0711 3.5403 -6.7639 41.2763 4
3 16 -7.391 44 3.0615 -7.391 40.5922 3.0615 -7.07111 41.0711 3.5403
4 16 -3.0615 44 7.391 -5.6569 44 5.6569 -5.6569 39.6569 5.6569 -3.0615 41.391 7.391
4 16 -3.0615 44 7.391 -3.0615 41.391 7.391 0 42 8 0 44 8
4 16 3.0615 44 7.391 0 44 8 0 42 8 3.0615 41.391 7.391
4 16 5.6569 39.6569 5.6569 5.6569 44 5.6569 3.0615 44 7.391 3.0615 41.391 7.391
4 16 5.6569 44 5.6569 5.6569 39.6569 5.6569 6.7639 38 4 6.7639 41.2763 4
4 16 7.07111 41.0711 3.5403 7.391 44 3.0615 5.6569 44 5.6569 6.7639 41.2763 4
3 16 7.391 44 3.0615 7.07111 41.0711 3.5403 7.391 40.5922 3.0615
4 16 8 44 0 7.391 44 3.0615 7.391 40.5922 3.0615 8 39.6808 0
2 24 6 41.7867 0 5.5433 42.0919 -2.2961
2 24 5.5433 42.0919 -2.2961 4.4048 42.8526 -4
2 24 4.4048 42.8526 -4 4.4048 40.4935 -4
2 24 4.4048 40.4935 -4 4.2426 40.6018 -4.2426
2 24 4.2426 40.6018 -4.2426 3.0615 41.391 -5.0319
2 24 3.0615 41.391 -5.0319 2.2961 41.5433 -5.5433
2 24 2.2961 41.5433 -5.5433 0 42 -6
2 24 0 42 -6 -2.2961 41.5433 -5.5433
2 24 -3.0615 41.391 -5.0319 -4.2426 40.6018 -4.2426
2 24 -2.2961 41.5433 -5.5433 -3.0615 41.391 -5.0319
2 24 -4.4048 42.8526 -4 -5.5433 42.0919 -2.2961
2 24 -4.2426 40.6018 -4.2426 -4.4048 40.4935 -4
2 24 -4.4048 40.4935 -4 -4.4048 42.8526 -4
2 24 -5.5433 42.0919 -2.2961 -6 41.7867 0
2 24 -6 41.7867 0 -5.5433 42.0919 2.2961
2 24 -5.5433 42.0919 2.2961 -4.4048 42.8526 4
2 24 -4.4048 40.4935 4 -4.2426 40.6018 4.2426
2 24 -4.4048 42.8526 4 -4.4048 40.4935 4
2 24 -3.0615 41.391 5.0319 -2.2961 41.5433 5.5433
2 24 -4.2426 40.6018 4.2426 -3.0615 41.391 5.0319
2 24 -2.2961 41.5433 5.5433 0 42 6
2 24 0 42 6 2.2961 41.5433 5.5433
2 24 2.2961 41.5433 5.5433 3.0615 41.391 5.0319
2 24 3.0615 41.391 5.0319 4.2426 40.6018 4.2426
2 24 4.4048 42.8526 4 5.5433 42.0919 2.2961
2 24 4.2426 40.6018 4.2426 4.4048 40.4935 4
2 24 4.4048 40.4935 4 4.4048 42.8526 4
2 24 5.5433 42.0919 2.2961 6 41.7867 0
2 24 7.391 40.5922 -3.0615 8 39.6808 0
2 24 7.391 40.5922 -3.0615 7.07111 41.0711 -3.5403
2 24 7.07111 41.0711 -3.5403 6.7639 41.2763 -4
2 24 6.7639 41.2763 -4 6.7639 38 -4
2 24 5.6569 39.6569 -5.6569 6.7639 38 -4
2 24 3.0615 41.391 -7.391 5.6569 39.6569 -5.6569
2 24 0 42 -8 3.0615 41.391 -7.391
2 24 -3.0615 41.391 -7.391 0 42 -8
2 24 -5.6569 39.6569 -5.6569 -3.0615 41.391 -7.391
2 24 -7.0711 41.0711 -3.5403 -6.7639 41.2763 -4
2 24 -7.391 40.5922 -3.0615 -7.0711 41.0711 -3.5403
2 24 -6.7639 38 -4 -5.6569 39.6569 -5.6569
2 24 -6.7639 41.2763 -4 -6.7639 38 -4
2 24 -8 39.6808 0 -7.391 40.5922 -3.0615
2 24 -7.391 40.5922 3.0615 -8 39.6808 0
2 24 -5.6569 39.6569 5.6569 -6.7639 38 4
2 24 -6.7639 38 4 -6.7639 41.2763 4
2 24 -7.0711 41.0711 3.5403 -7.391 40.5922 3.0615
2 24 -6.7639 41.2763 4 -7.0711 41.0711 3.5403
2 24 -3.0615 41.391 7.391 -5.6569 39.6569 5.6569
2 24 0 42 8 -3.0615 41.391 7.391
2 24 3.0615 41.391 7.391 0 42 8
2 24 5.6569 39.6569 5.6569 3.0615 41.391 7.391
2 24 6.7639 41.2763 4 6.7639 38 4
2 24 6.7639 38 4 5.6569 39.6569 5.6569
2 24 7.07111 41.0711 3.5403 6.7639 41.2763 4
2 24 7.391 40.5922 3.0615 7.07111 41.0711 3.5403
2 24 8 39.6808 0 7.391 40.5922 3.0615

5 24 26 44 0 26 41.7867 0 25.5433 44 -2.2961 25.5433 44 2.2961
5 24 25.5433 44 -2.2961 25.5433 42.0919 -2.2961 24.2426 44 -4.2426 26 44 0
5 24 24.2426 44 -4.2426 24.2426 40.6018 -4.2426 22.2961 44 -5.5433 25.5433 44 -2.2961
5 24 22.2961 44 -5.5433 22.2961 41.5433 -5.5433 20 44 -6 24.2426 44 -4.2426
5 24 20 44 -6 20 42 -6 17.7039 44 -5.5433 22.2961 44 -5.5433
5 24 17.7039 44 -5.5433 17.7039 41.5433 -5.5433 15.7574 44 -4.2426 20 44 -6
5 24 15.7574 44 -4.2426 15.7574 40.6018 -4.2426 14.4567 44 -2.2961 17.7039 44 -5.5433
5 24 14.4567 44 -2.2961 14.4567 42.0919 -2.2961 14 44 0 15.7574 44 -4.2426
5 24 14 44 0 14 41.7867 0 14.4567 44 2.2961 14.4567 44 -2.2961
5 24 14.4567 44 2.2961 14.4567 42.0919 2.2961 15.7574 44 4.2426 14 44 0
5 24 15.7574 44 4.2426 15.7574 40.6018 4.2426 17.7039 44 5.5433 14.4567 44 2.2961
5 24 17.7039 44 5.5433 17.7039 41.5433 5.5433 20 44 6 15.7574 44 4.2426
5 24 20 44 6 20 42 6 22.2961 44 5.5433 17.7039 44 5.5433
5 24 22.2961 44 5.5433 22.2961 41.5433 5.5433 24.2426 44 4.2426 20 44 6
5 24 24.2426 44 4.2426 24.2426 40.6018 4.2426 25.5433 44 2.2961 22.2961 44 5.5433
5 24 25.5433 44 2.2961 25.5433 42.0919 2.2961 26 44 0 24.2426 44 4.2426
5 24 28 40 0 28 44 0 27.391 44 -3.0615 27.391 44 3.0615
5 24 27.391 44 -3.0615 27.391 40.5922 -3.0615 25.6569 44 -5.6569 28 44 0
5 24 25.6569 44 -5.6569 25.6569 39.6569 -5.6569 23.0615 44 -7.391 27.391 44 -3.0615
5 24 23.0615 44 -7.391 23.0615 41.391 -7.391 20 44 -8 25.6569 44 -5.6569
5 24 20 44 -8 20 42 -8 16.9385 44 -7.391 23.0615 44 -7.391
5 24 16.9385 44 -7.391 16.9385 41.391 -7.391 14.3431 44 -5.6569 20 44 -8
5 24 14.3431 44 -5.6569 14.3431 39.6569 -5.6569 12.609 44 -3.0615 16.9385 44 -7.391
5 24 12.609 44 -3.0615 12.609 40.5922 -3.0615 12 44 0 14.3431 44 -5.6569
5 24 12 44 0 12 39.6808 0 12.609 44 3.0615 12.609 44 -3.0615
5 24 12.609 44 3.0615 12.609 40.5922 3.0615 14.3431 44 5.6569 12 44 0
5 24 14.3431 44 5.6569 14.3431 39.6569 5.6569 16.9385 44 7.391 12.609 44 3.0615
5 24 16.9385 44 7.391 16.9385 41.391 7.391 20 44 8 14.3431 44 5.6569
5 24 20 44 8 20 42 8 23.0615 44 7.391 16.9385 44 7.391
5 24 23.0615 44 7.391 23.0615 41.391 7.391 25.6569 44 5.6569 20 44 8
5 24 25.6569 44 5.6569 25.6569 39.6569 5.6569 27.391 44 3.0615 23.0615 44 7.391
5 24 27.391 44 3.0615 27.391 40.5922 3.0615 28 44 0 25.6569 44 5.6569
4 16 25.5433 42.0919 -2.2961 26 41.7867 0 26 44 0 25.5433 44 -2.2961
4 16 24.2426 44 -4.2426 24.4048 42.8526 -4 25.5433 42.0919 -2.29611 25.5433 44 -2.2961
4 16 24.4048 40.4935 -4 24.4048 42.8526 -4 24.2426 44 -4.2426 24.2426 40.6018 -4.2426
4 16 22.2961 41.5433 -5.5433 23.0615 41.391 -5.0319 24.2426 44 -4.2426 22.2961 44 -5.5433
3 16 23.0615 41.391 -5.0319 24.2426 40.6018 -4.2426 24.2426 44 -4.2426
4 16 20 44 -6 20 42 -6 22.2961 41.5433 -5.5433 22.2961 44 -5.5433
4 16 17.7039 44 -5.5433 17.7039 41.5433 -5.5433 20 42 -6 20 44 -6
4 16 17.7039 41.5433 -5.5433 17.7039 44 -5.5433 15.7574 44 -4.2426 16.9385 41.391 -5.0319
3 16 15.7574 40.6018 -4.2426 16.9385 41.391 -5.0319 15.7574 44 -4.2426
4 16 15.7574 44 -4.2426 14.4567 44 -2.2961 14.4567 42.0919 -2.2961 15.5952 42.8526 -4
4 16 15.7574 44 -4.2426 15.5952 42.8526 -4 15.5952 40.4935 -4 15.7574 40.6018 -4.2426
4 16 14.4567 42.0919 -2.2961 14.4567 44 -2.2961 14 44 0 14 41.7867 0
4 16 14.4567 42.0919 2.2961 14 41.7867 0 14 44 0 14.4567 44 2.2961
4 16 15.5952 42.8526 4 14.4567 42.0919 2.2961 14.4567 44 2.2961 15.7574 44 4.2426
4 16 15.5952 42.8526 4 15.7574 44 4.2426 15.7574 40.6018 4.2426 15.5952 40.4935 4
4 16 16.9385 41.391 5.0319 15.7574 44 4.2426 17.7039 44 5.5433 17.7039 41.5433 5.5433
3 16 15.7574 44 4.2426 16.9385 41.391 5.0319 15.7574 40.6018 4.2426
4 16 20 44 6 20 42 6 17.7039 41.5433 5.5433 17.7039 44 5.5433
4 16 20 44 6 22.2961 44 5.5433 22.2961 41.5433 5.5433 20 42 6
4 16 23.0615 41.391 5.0319 22.2961 41.5433 5.5433 22.2961 44 5.5433 24.2426 44 4.2426
3 16 23.0615 41.391 5.0319 24.2426 44 4.2426 24.2426 40.6018 4.2426
4 16 24.4048 42.8526 4 24.2426 44 4.2426 25.5433 44 2.2961 25.5433 42.0919 2.2961
4 16 24.4048 42.8526 4 24.4048 40.4935 4 24.2426 40.6018 4.2426 24.2426 44 4.2426
4 16 26 41.7867 0 25.5433 42.0919 2.2961 25.5433 44 2.2961 26 44 0

4 16 27.391 44 -3.0615 28 44 0 28 40 0 27.8011 40 -1
4 16 27.8011 40 -1 27.8011 39.9785 -1 27.391 40.5922 -3.0615 27.391 44 -3.0615
4 16 25.6569 44 -5.6569 26.7639 41.2763 -4 26.7639 38 -4 25.6569 39.6569 -5.6569
4 16 27.0711 41.0711 -3.5403 26.7639 41.2763 -4 25.6569 44 -5.6569 27.391 44 -3.0615
3 16 27.391 44 -3.0615 27.391 40.5922 -3.0615 27.0711 41.0711 -3.5403
4 16 23.0615 41.391 -7.391 23.0615 44 -7.391 25.6569 44 -5.6569 25.6569 39.6569 -5.6569
4 16 20 42 -8 20 44 -8 23.0615 44 -7.391 23.0615 41.391 -7.391
4 16 16.9385 44 -7.391 20 44 -8 20 42 -8 16.9385 41.391 -7.391
4 16 14.3431 44 -5.6569 16.9385 44 -7.391 16.9385 41.391 -7.391 14.3431 39.6569 -5.6569
3 16 12.609 40.5922 -3.0615 12.609 44 -3.0615 12.9289 41.0711 -3.5403
4 16 14.3431 39.6569 -5.6569 13.2361 38 -4 13.2361 41.2763 -4 14.3431 44 -5.6569
4 16 13.2361 41.2763 -4 12.9289 41.0711 -3.5403 12.609 44 -3.0615 14.3431 44 -5.6569
4 16 12 44 0 12.609 44 -3.0615 12.609 40.5922 -3.0615 12 39.6808 0
4 16 12.609 44 3.0615 12 44 0 12 39.6808 0 12.609 40.5922 3.0615
4 16 13.2361 38 4 14.3431 39.6569 5.6569 14.3431 44 5.6569 13.2361 41.2763 4
4 16 14.3431 44 5.6569 12.609 44 3.0615 12.9289 41.0711 3.5403 13.2361 41.2763 4
3 16 12.609 44 3.0615 12.609 40.5922 3.0615 12.9289 41.0711 3.5403
4 16 16.9385 44 7.391 14.3431 44 5.6569 14.3431 39.6569 5.6569 16.9385 41.391 7.391
4 16 16.9385 44 7.391 16.9385 41.391 7.391 20 42 8 20 44 8
4 16 23.0615 44 7.391 20 44 8 20 42 8 23.0615 41.391 7.391
4 16 25.6569 39.6569 5.6569 25.6569 44 5.6569 23.0615 44 7.391 23.0615 41.391 7.391
4 16 27.0711 41.0711 3.5403 27.391 44 3.0615 25.6569 44 5.6569 26.7639 41.2763 4
4 16 25.6569 44 5.6569 25.6569 39.6569 5.6569 26.7639 38 4 26.7639 41.2763 4
3 16 27.391 44 3.0615 27.0711 41.0711 3.5403 27.391 40.5922 3.0615
4 16 27.8011 40 1 28 40 0 28 44 0 27.391 44 3.0615
4 16 27.8011 40 1 27.391 44 3.0615 27.391 40.5922 3.0615 27.8011 39.9785 1
2 24 26 41.7867 0 25.5433 42.0919 -2.2961
2 24 25.5433 42.0919 -2.2961 24.4048 42.8526 -4
2 24 24.4048 42.8526 -4 24.4048 40.4935 -4
2 24 24.4048 40.4935 -4 24.2426 40.6018 -4.2426
2 24 24.2426 40.6018 -4.2426 23.0615 41.391 -5.0319
2 24 23.0615 41.391 -5.0319 22.2961 41.5433 -5.5433
2 24 22.2961 41.5433 -5.5433 20 42 -6
2 24 20 42 -6 17.7039 41.5433 -5.5433
2 24 16.9385 41.391 -5.0319 15.7574 40.6018 -4.2426
2 24 17.7039 41.5433 -5.5433 16.9385 41.391 -5.0319
2 24 15.5952 42.8526 -4 14.4567 42.0919 -2.2961
2 24 15.7574 40.6018 -4.2426 15.5952 40.4935 -4
2 24 15.5952 40.4935 -4 15.5952 42.8526 -4
2 24 14.4567 42.0919 -2.2961 14 41.7867 0
2 24 14 41.7867 0 14.4567 42.0919 2.2961
2 24 14.4567 42.0919 2.2961 15.5952 42.8526 4
2 24 15.5952 40.4935 4 15.7574 40.6018 4.2426
2 24 15.5952 42.8526 4 15.5952 40.4935 4
2 24 16.9385 41.391 5.0319 17.7039 41.5433 5.5433
2 24 15.7574 40.6018 4.2426 16.9385 41.391 5.0319
2 24 17.7039 41.5433 5.5433 20 42 6
2 24 20 42 6 22.2961 41.5433 5.5433
2 24 22.2961 41.5433 5.5433 23.0615 41.391 5.0319
2 24 23.0615 41.391 5.0319 24.2426 40.6018 4.2426
2 24 24.4048 42.8526 4 25.5433 42.0919 2.2961
2 24 24.2426 40.6018 4.2426 24.4048 40.4935 4
2 24 24.4048 40.4935 4 24.4048 42.8526 4
2 24 25.5433 42.0919 2.2961 26 41.7867 0
2 24 27.391 40.5922 -3.0615 27.8011 39.9785 -1
2 24 27.8011 40 -1 28 40 0
2 24 27.8011 39.9785 -1 27.8011 40 -1
2 24 25.6569 39.6569 -5.6569 26.7639 38 -4
2 24 26.7639 38 -4 26.7639 41.2763 -4
2 24 27.0711 41.0711 -3.5403 27.391 40.5922 -3.0615
2 24 26.7639 41.2763 -4 27.0711 41.0711 -3.5403
2 24 23.0615 41.391 -7.391 25.6569 39.6569 -5.6569
2 24 20 42 -8 23.0615 41.391 -7.391
2 24 16.9385 41.391 -7.391 20 42 -8
2 24 14.3431 39.6569 -5.6569 16.9385 41.391 -7.391
2 24 12.9289 41.0711 -3.5403 13.2361 41.2763 -4
2 24 12.609 40.5922 -3.0615 12.9289 41.0711 -3.5403
2 24 14.146 39.362 -5.362 14.3431 39.6569 -5.6569
2 24 13.2361 38 -4 14.146 39.362 -5.362
2 24 13.2361 41.2763 -4 13.2361 38 -4
2 24 12 39.6808 0 12.609 40.5922 -3.0615
2 24 12.609 40.5922 3.0615 12 39.6808 0
2 24 14.3431 39.6569 5.6569 13.2361 38 4
2 24 13.2361 38 4 13.2361 41.2763 4
2 24 12.9289 41.0711 3.5403 12.609 40.5922 3.0615
2 24 13.2361 41.2763 4 12.9289 41.0711 3.5403
2 24 16.9385 41.391 7.391 14.3431 39.6569 5.6569
2 24 20 42 8 16.9385 41.391 7.391
2 24 23.0615 41.391 7.391 20 42 8
2 24 25.6569 39.6569 5.6569 23.0615 41.391 7.391
2 24 27.391 40.5922 3.0615 27.0711 41.0711 3.5403
2 24 26.7639 41.2763 4 26.7639 38 4
2 24 26.7639 38 4 25.6569 39.6569 5.6569
2 24 27.0711 41.0711 3.5403 26.7639 41.2763 4
2 24 27.8011 39.9785 1 27.391 40.5922 3.0615
2 24 27.8011 40 1 27.8011 39.9785 1
2 24 28 40 0 27.801 40 1

1 16 -20 44 0 1 0 0 0 -1 0 0 0 1 STUD4A.dat
1 16 0 44 0 1 0 0 0 -1 0 0 0 1 STUD4A.dat
1 16 20 44 0 1 0 0 0 -1 0 0 0 1 STUD4A.dat
1 16 0 24 -10 1 0 0 0 1 0 0 0 -1 stug2-1x4.dat
1 16 0 24 10 1 0 0 0 1 0 0 0 -1 stug2-1x4.dat
