0 Windscreen  6 x 13 x  2
0 Name: 13252.dat
0 Author: Christophe Mitillo [Christophe_Mitillo]
0 !LDRAW_ORG Unofficial_Part
0 !LICENSE Redistributable under CCAL version 2.0 : see CAreadme.txt

0 BFC CERTIFY CCW

0 !HISTORY 2013-06-04 [Christophe_Mitillo] Creation
0 !HISTORY 2013-09-03 [MMR1988] Fixed edges, used more primitivs.

4 16 -40 -16 -70 -40 -16 -30 -60 24 -50 -60 24 -250
4 16 -40 -16 -70 -60 24 -250 60 24 -250 40 -16 -70
4 16 60 24 -250 60 24 -50 40 -16 -30 40 -16 -70
2 24 -40 -16 -70 -60 24 -250
2 24 40 -16 -70 60 24 -250

1 16 0 -8 -40 40 0 0 0 -8 0 0 -10 20 box2-5.dat
3 16 -40 -16 -30 -40 0 -10 -60 24 -50
3 16 60 24 -50 40 0 -10 40 -16 -30
2 24 -60 24 -50 -40 -16 -30
2 24 60 24 -50 40 -16 -30

1 16 -58 30 -50 2 0 0 0 0 2 0 -1 0 rect2p.dat
1 16 0 29.5 -246 56 0 0 0 0 2.5 0 -1 0 rect.dat
1 16 58 30 -50 2 0 0 0 0 2 0 -1 0 rect2p.dat
2 24 -56 32 -50 -56 32 -246
2 24 -56 32 -50 -56 25 -50
2 24 -56 25 -50 -56 25 -238
2 24 -56 25 -238 -56 27 -246
2 24 56 32 -246 56 32 -50
2 24 56 32 -50 56 25 -50
2 24 56 25 -50 56 25 -238
2 24 56 25 -238 56 27 -246
4 16 -56 32 -50 -56 25 -50 -56 25 -238 -56 32 -246
3 16 -56 25 -238 -56 27 -246 -56 32 -246
4 16 56 32 -246 56 25 -238 56 25 -50 56 32 -50
3 16 56 32 -246 56 27 -246 56 25 -238
4 16 -56 25 -238 56 25 -238 56 27 -246 -56 27 -246
4 16 -56 32 -50 -56 32 -246 -60 32 -250 -60 32 -50
4 16 -56 32 -246 56 32 -246 60 32 -250 -60 32 -250
4 16 60 32 -50 60 32 -250 56 32 -246 56 32 -50
1 16 0 28 -50 0 0 60 4 0 0 0 -200 0 box3u2p.dat
2 24 -60 28 -50 -40 8 -10
2 24 -56 28 -50 -37 9 -12
2 24 56 28 -50 37 9 -12
2 24 60 28 -50 40 8 -10
4 16 -60 28 -50 -40 8 -10 -37 9 -12 -56 28 -50
4 16 56 28 -50 37 9 -12 40 8 -10 60 28 -50
2 24 -37 5 -12 -56 25 -50
2 24 37 5 -12 56 25 -50
4 16 -37 9 -12 -37 5 -12 -56 25 -50 -56 28 -50
4 16 56 28 -50 56 25 -50 37 5 -12 37 9 -12

2 24 -60 24 -50 -40 0 -10
2 24 60 24 -50 40 0 -10
4 16 -60 28 -50 -60 24 -50 -40 0 -10 -40 8 -10
4 16 40 8 -10 40 0 -10 60 24 -50 60 28 -50
1 16 0 -16 -40 0 0 -1 0 1 0 1 0 0 stug-4x1.dat
2 24 -36 -12 -32 -56 25 -50
2 24 36 -12 -32 56 25 -50
3 16 -37 5 -12 -36 -12 -32 -56 25 -50
3 16 56 25 -50 36 -12 -32 37 5 -12
2 24 -56 25 -238 -36 -12 -69
2 24 56 25 -238 36 -12 -69
4 16 -56 25 -238 -56 25 -50 -36 -12 -32 -36 -12 -69
4 16 36 -12 -69 36 -12 -32 56 25 -50 56 25 -238
4 16 -36 -12 -69 36 -12 -69 56 25 -238 -56 25 -238
1 16 0 -12 -50.5 36 0 0 0 -1 0 0 0 18.5 rect.dat

1 16 -20 2 0 1 0 0 0 1 0 0 0 1 s\swh1.dat
1 16 -14 -2 -7 2 0 0 0 -2 0 0 2 -1 box2-7.dat
1 16 -14 8 -7 0 0 2 0 -1 0 3 0 0 rect2p.dat
4 16 -12 8 -10 -12 8 -4 -12 -4 -4 -12 -4 -6
4 16 -16 -4 -6 -16 -4 -4 -16 8 -4 -16 8 -10
3 16 -12 -4 -6 -12 0 -10 -12 8 -10
3 16 -16 8 -10 -16 0 -10 -16 -4 -6
1 16 -24 2 0 0 -1 0 -1 0 0 0 0 1 s\swh4.dat

1 16 20 2 0 -1 0 0 0 1 0 0 0 1 s\swh1.dat
1 16 14 -2 -7 2 0 0 0 -2 0 0 2 -1 box2-7.dat
1 16 14 8 -7 0 0 2 0 -1 0 3 0 0 rect2p.dat
4 16 12 -4 -6 12 -4 -4 12 8 -4 12 8 -10
4 16 16 8 -10 16 8 -4 16 -4 -4 16 -4 -6
3 16 12 8 -10 12 0 -10 12 -4 -6
3 16 16 -4 -6 16 0 -10 16 8 -10
1 16 24 2 0 0 1 0 -1 0 0 0 0 1 s\swh4.dat

4 16 37 5 -12 36 -12 -32 -36 -12 -32 -37 5 -12
2 24 -37 5 -12 -36 -12 -32
2 24 37 5 -12 36 -12 -32
1 16 0 7 -12 -37 0 0 0 0 2 0 1 0 rect.dat
4 16 40 8 -10 37 9 -12 -37 9 -12 -40 8 -10

1 16 0 4 -10 40 0 0 0 0 4 0 -1 0 recte3.dat

1 16 -35 4 -10 5 0 0 0 0 4 0 -1 0 rect1.dat
1 16 -20 4 -10 0 0 -4 4 0 0 0 -1 0 rect2p.dat
1 16 0 4 -10 0 0 -12 4 0 0 0 -1 0 rect2p.dat
1 16 20 4 -10 0 0 4 -4 0 0 0 -1 0 rect2p.dat
1 16 35 4 -10 -5 0 0 0 0 -4 0 -1 0 rect1.dat
