0 Plate  3 x  3 Cross
0 Name: 15397.dat
0 Author: Max Martin Richter [MMR1988]
0 !LDRAW_ORG Unofficial_Part
0 !LICENSE Redistributable under CCAL version 2.0 : see CAreadme.txt

0 BFC CERTIFY CCW

1 16 10 4 0 0 20 0 0 0 -4 -10 0 0 box4-2p.dat
1 16 -10 4 0 0 -20 0 0 0 -4 10 0 0 box4-2p.dat

4 16 -10 0 10 -10 0 -10 10 0 -10 10 0 10

1 16 0 8 -20 10 0 0 0 -8 0 0 0 -10 box4-4a.dat
1 16 0 8 20 -10 0 0 0 -8 0 0 0 10 box4-4a.dat

0 BFC INVERTNEXT
1 16 6 6 0 0 20 0 0 0 -2 -6 0 0 box4-2p.dat
0 BFC INVERTNEXT
1 16 -6 6 0 0 -20 0 0 0 -2 6 0 0 box4-2p.dat

4 16 6 4 6 6 4 -6 -6 4 -6 -6 4 6

0 BFC INVERTNEXT
1 16 0 8 -16 6 0 0 0 -4 0 0 0 -10 box4-4a.dat
0 BFC INVERTNEXT
1 16 0 8 16 -6 0 0 0 -4 0 0 0 10 box4-4a.dat

4 16 30 8 10 26 8 6 6 8 6 10 8 10
4 16 10 8 -10 6 8 -6 26 8 -6 30 8 -10
4 16 30 8 -10 26 8 -6 26 8 6 30 8 10
4 16 10 8 -30 6 8 -26 6 8 -6 10 8 -10
4 16 -10 8 -10 -6 8 -6 -6 8 -26 -10 8 -30
4 16 -10 8 -30 -6 8 -26 6 8 -26 10 8 -30
4 16 -30 8 -10 -26 8 -6 -6 8 -6 -10 8 -10
4 16 -10 8 10 -6 8 6 -26 8 6 -30 8 10
4 16 -30 8 10 -26 8 6 -26 8 -6 -30 8 -10
4 16 -10 8 30 -6 8 26 -6 8 6 -10 8 10
4 16 10 8 10 6 8 6 6 8 26 10 8 30
4 16 10 8 30 6 8 26 -6 8 26 -10 8 30

1 16 0 4 0 1 0 0 0 -1 0 0 0 1 stug3-1x2.dat
1 16 0 4 0 0 0 1 0 -1 0 -1 0 0 stug3-1x2.dat

1 16 0 0 0 1 0 0 0 1 0 0 0 1 stug-1x3.dat
1 16 0 0 20 1 0 0 0 1 0 0 0 1 stud.dat
1 16 0 0 -20 1 0 0 0 1 0 0 0 1 stud.dat
