0 Train Track  9V Points Lever
0 Name: 2866.dat
0 Author: Soete Ludo [ludo]
0 !LDRAW_ORG Unofficial_Part
0 !LICENSE Redistributable under CCAL version 2.0 : see CAreadme.txt

0 BFC CERTIFY CW

0 !CMDLINE -c14

0 !HISTORY 2012-09-09 [Steffen] uploaded to PT from LUGNET, BFCed, rotated by 90 degrees

0 // scharnier punt links
1 16 2.75 0 0 0 7.25 0 0 0 6.25 6.25 0 0 4-4cyli.dat
1 16 10 0 0 0 -1 0 0 0 -6.25 6.25 0 0 4-4disc.dat
1 16 10 0 0 0 3.875 0 0 0 2.5 2.5 0 0 4-4cyli.dat
1 16 13.875 0 0 0 -1 0 0 0 2.5 2.5 0 0 4-4disc.dat
1 16 2.75 0 0 0 7.25 0 0 0 6.25 6.25 0 0 4-4edge.dat
1 16 10 0 0 0 7.25 0 0 0 6.25 6.25 0 0 4-4edge.dat
1 16 10 0 0 0 3.875 0 0 0 2.5 2.5 0 0 4-4edge.dat
1 16 13.875 0 0 0 3.875 0 0 0 2.5 2.5 0 0 4-4edge.dat
0 // scharnier punt rechts
1 16 -2.75 0 0 0 -7.25 0 0 0 -6.25 6.25 0 0 4-4cyli.dat
1 16 -10 0 0 0 1 0 0 0 -6.25 6.25 0 0 4-4disc.dat
1 16 -10 0 0 0 -3.875 0 0 0 -2.5 2.5 0 0 4-4cyli.dat
1 16 -13.875 0 0 0 1 0 0 0 -2.5 2.5 0 0 4-4disc.dat
1 16 -2.75 0 0 0 -7.25 0 0 0 -6.25 6.25 0 0 4-4edge.dat
1 16 -10 0 0 0 -7.25 0 0 0 -6.25 6.25 0 0 4-4edge.dat
1 16 -10 0 0 0 -3.875 0 0 0 -2.5 2.5 0 0 4-4edge.dat
1 16 -13.875 0 0 0 -3.875 0 0 0 -2.5 2.5 0 0 4-4edge.dat
0 // bovenste rond stuk
1 16 -10 -35 0 0 20 0 0 0 12.5 12.5 0 0 4-4cyli.dat
0 BFC INVERTNEXT
1 16 10 -35 0 0 -16.5 0 0 0 -4 4 0 0 4-4cyli.dat
1 16 -6.5 -35 0 0 -16.5 0 0 0 -4 4 0 0 4-4disc.dat
1 16 -6.5 -35 0 0 -16.5 0 0 0 -4 4 0 0 4-4edge.dat
1 16 -10 -35 0 0 20 0 0 0 12.5 12.5 0 0 4-4disc.dat
1 16 10 -35 0 0 -1 0 0 0 -6 6 0 0 4-4edge.dat
1 16 10 -35 0 0 -1 0 0 0 1 -1 0 0 stud2a.dat
1 16 10 -35 0 0 -1 0 0 0 1.5 1.5 0 0 4-4ring4.dat
1 16 10 -35 0 0 -1 0 0 0 2.5 2.5 0 0 4-4ring3.dat
1 16 10 -35 0 0 -1 0 0 0 2.5 2.5 0 0 4-4ring4.dat
1 16 -10 -35 0 0 20 0 0 0 12.5 12.5 0 0 4-4edge.dat
1 16 10 -35 0 0 20 0 0 0 12.5 12.5 0 0 4-4edge.dat
0 // top vierkantje
1 16 0 -50.25 0 0 0 -3.75 0 1 0 3.75 0 0 rect.dat
4 16 3.75 -50.25 0 3.75 -50.25 3.75 3.75 -46.755 3.75 3.75 -47.5 0
4 16 3.75 -50.25 0 3.75 -47.5 0 3.75 -46.755 -3.75 3.75 -50.25 -3.75
4 16 -3.75 -50.25 -3.75 3.75 -50.25 -3.75 3.75 -46.755 -3.75 -3.75 -46.755 -3.75
4 16 -3.75 -50.25 0 -3.75 -47.5 0 -3.75 -46.755 3.75 -3.75 -50.25 3.75
4 16 -3.75 -50.25 0 -3.75 -50.25 -3.75 -3.75 -46.755 -3.75 -3.75 -47.5 0
4 16 -3.75 -50.25 3.75 -3.75 -46.755 3.75 3.75 -46.755 3.75 3.75 -50.25 3.75
2 24 3.75 -46.755 3.75 3.75 -47.5 0
2 24 3.75 -46.755 -3.75 3.75 -47.5 0
2 24 -3.75 -46.755 3.75 -3.75 -47.5 0
2 24 -3.75 -46.755 -3.75 -3.75 -47.5 0
2 24 -3.75 -50.25 3.75 -3.75 -46.755 3.75
2 24 3.75 -50.25 3.75 3.75 -46.755 3.75
2 24 -3.75 -50.25 -3.75 -3.75 -46.755 -3.75
2 24 3.75 -50.25 -3.75 3.75 -46.755 -3.75
2 24 -3.75 -46.755 3.75 3.75 -46.755 3.75
2 24 -3.75 -46.755 -3.75 3.75 -46.755 -3.75
0 // ronde pin aan zijkant
1 16 -10 -41 0 0 -11 0 0 0 -4 4 0 0 4-4cyli.dat
1 16 -10 -41 0 0 -11 0 0 0 -4 4 0 0 4-4edge.dat
1 16 -21 -41 0 0 -4 0 0 0 -4 4 0 0 4-8sphe.dat
0 // ronde top aan onderzijde
1 16 -2.75 18.5 0 0 5.5 0 0 0 3.75 3.75 0 0 2-4cyli.dat
1 16 -2.75 18.5 0 0 1 0 0 0 3.75 3.75 0 0 2-4disc.dat
1 16 2.75 18.5 0 0 -1 0 0 0 3.75 3.75 0 0 2-4disc.dat
1 16 -2.75 18.5 0 0 -1 0 0 0 3.75 3.75 0 0 2-4edge.dat
1 16 2.75 18.5 0 0 -1 0 0 0 3.75 3.75 0 0 2-4edge.dat
0 // verbinding tussen onderste top en scharnierpunten
4 16 -2.75 18.5 3.75 2.75 18.5 3.75 2.75 0 6.25 -2.75 0 6.25
4 16 -2.75 18.5 -3.75 -2.75 0 -6.25 2.75 0 -6.25 2.75 18.5 -3.75
2 24 -2.75 18.5 3.75 -2.75 0 6.25
2 24 2.75 0 6.25 2.75 18.5 3.75
2 24 -2.75 18.5 -3.75 -2.75 0 -6.25
2 24 2.75 0 -6.25 2.75 18.5 -3.75
4 16 -2.75 18.5 3.75 -2.75 0 6.25 -2.75 0 -6.25 -2.75 18.5 -3.75
4 16 2.75 18.5 3.75 2.75 18.5 -3.75 2.75 0 -6.25 2.75 0 6.25
0 // verbinding tussen bovenste rond stuk en scharnierpunt
4 16 -2.75 0 -6.25 -2.75 0 6.25 -2.75 -18.6 4.375 -2.75 -18.6 -4.375
4 16 2.75 0 -6.25 2.75 -18.6 -4.375 2.75 -18.6 4.375 2.75 0 6.25
4 16 2.75 0 -6.25 -2.75 0 -6.25 -2.75 -18.6 -4.375 2.75 -18.6 -4.375
4 16 2.75 0 6.25 2.75 -18.6 4.375 -2.75 -18.6 4.375 -2.75 0 6.25
2 24 -2.75 0 6.25 -2.75 -18.6 4.375
2 24 2.75 0 6.25 2.75 -18.6 4.375
2 24 -2.75 0 -6.25 -2.75 -18.6 -4.375
2 24 2.75 0 -6.25 2.75 -18.6 -4.375
0 // te controleren lijnen
2 24 -2.75 -18.6 -4.375 -2.75 -20.0351 -4.0897
2 24 -2.75 -20.0351 -4.0897 -2.75 -21.4702 -4.375
2 24 -2.75 -18.6 4.375 -2.75 -20.0351 4.0897
2 24 -2.75 -20.0351 4.0897 -2.75 -21.4702 4.375
2 24 -2.75 -21.4702 -4.375 -2.75 -24.8063 -6.81125
2 24 -2.75 -21.4702 4.375 -2.75 -24.8063 6.81125
5 24 2.75 -24.8063 6.81125 -2.75 -24.8063 6.81125 -2.75 -30.2162 11.5487 -2.75 -21.4702 4.375
4 16 2.75 -18.6 4.375 2.75 -20.0351 4.0897 -2.75 -20.0351 4.0897 -2.75 -18.6 4.375
4 16 2.75 -20.0351 4.0897 2.75 -21.4702 4.375 -2.75 -21.4702 4.375 -2.75 -20.0351 4.0897
4 16 2.75 -21.4702 4.375 2.75 -24.8063 6.81125 -2.75 -24.8063 6.81125 -2.75 -21.4702 4.375
4 16 2.75 -18.6 4.375 2.75 -18.6 -4.375 2.75 -20.0351 -4.0897 2.75 -20.0351 4.0897
4 16 2.75 -21.4702 4.375 2.75 -20.0351 4.0897 2.75 -20.0354 -4.0897 2.75 -21.4702 -4.375
3 16 2.75 -24.8063 -6.81125 2.75 -23.4513 -4.7838 2.75 -21.4702 -4.375
3 16 2.75 -24.8063 6.81125 2.75 -21.4702 4.375 2.75 -23.4513 4.7838
4 16 2.75 -23.4513 -4.7838 2.75 -22.5 0 2.75 -21.4702 0 2.75 -21.4702 -4.375
4 16 2.75 -23.4513 4.7838 2.75 -21.4702 4.375 2.75 -21.4702 0 2.75 -22.5 0
2 24 2.75 -18.6 -4.375 2.75 -20.0351 -4.0897
2 24 2.75 -20.0351 -4.0897 2.75 -21.4702 -4.375
2 24 2.75 -18.6 4.375 2.75 -20.0351 4.0897
2 24 2.75 -20.0351 4.0897 2.75 -21.4702 4.375
2 24 2.75 -21.4702 -4.375 2.75 -24.8063 -6.81125
2 24 2.75 -21.4702 4.375 2.75 -24.8063 6.81125
5 24 2.75 -24.8063 -6.81125 -2.75 -24.8063 -6.81125 -2.75 -30.2162 -11.5487 2.75 -21.4702 -4.375
4 16 2.75 -18.6 -4.375 -2.75 -18.6 -4.375 -2.75 -20.0351 -4.0897 2.75 -20.0351 -4.0897
4 16 2.75 -20.0351 -4.0897 -2.75 -20.0351 -4.0897 -2.75 -21.4702 -4.375 2.75 -21.4702 -4.375
4 16 2.75 -21.4702 -4.375 -2.75 -21.4702 -4.375 -2.75 -24.8063 -6.81125 2.75 -24.8063 -6.81125
4 16 -2.75 -18.6 4.375 -2.75 -20.0351 4.0897 -2.75 -20.0351 -4.0897 -2.75 -18.6 -4.375
4 16 -2.75 -21.4702 4.375 -2.75 -21.4702 -4.375 -2.75 -20.0354 -4.0897 -2.75 -20.0351 4.0897
3 16 -2.75 -24.8063 -6.81125 -2.75 -21.4702 -4.375 -2.75 -23.4513 -4.7838
3 16 -2.75 -24.8063 6.81125 -2.75 -23.4513 4.7838 -2.75 -21.4702 4.375
4 16 -2.75 -23.4513 -4.7838 -2.75 -21.4702 -4.375 -2.75 -21.4702 0 -2.75 -22.5 0
4 16 -2.75 -23.4513 4.7838 -2.75 -22.5 0 -2.75 -21.4702 0 -2.75 -21.4702 4.375
2 24 2.75 -24.8063 -6.81125 2.75 -23.4513 -4.7838
2 24 2.75 -23.4513 -4.7838 2.75 -22.5 0
2 24 2.75 -23.4513 4.7838 2.75 -22.5 0
2 24 2.75 -24.8063 6.81125 2.75 -23.4513 4.7838
2 24 -2.75 -24.8063 -6.81125 -2.75 -23.4513 -4.7838
2 24 -2.75 -23.4513 -4.7838 -2.75 -22.5 0
2 24 -2.75 -23.4513 4.7838 -2.75 -22.5 0
2 24 -2.75 -24.8063 6.81125 -2.75 -23.4513 4.7838
