0 Umbrella  8 x  8 with Curved Tabs (needs work)
0 Name: 6252.dat
0 Author: Tore Eriksson [Tore_Eriksson]
0 !LDRAW_ORG Unofficial_Part
0 !LICENSE Redistributable under CCAL version 2.0 : see CAreadme.txt

0 BFC CERTIFY CCW

0 !CATEGORY Figure Accessory
0 !KEYWORDS Belville

0 !HISTORY 1997-10-29 [PTadmin] Official Update 1997-16
0 !HISTORY 2007-07-16 [PTadmin] Header formatted for Contributor Agreement
0 !HISTORY 2008-07-01 [PTadmin] Official Update 2008-01
0 !HISTORY 2011-01-04 [anathema] BFC'd; used subpart

0 // The hub needs remodelling

1 16 0 0 0 1 0 0 0 1 0 0 0 1 stud.dat
1 16 0 0 0 20 0 0 0 1 0 0 0 20 4-4disc.dat
1 16 0 4 0 20 0 0 0 -1 0 0 0 -20 4-4disc.dat
1 16 0 4 0 10 0 0 0 1 0 0 0 10 4-4edge.dat
0 BFC INVERTNEXT
1 16 0 17.2 0 6.68 0 0 0 -13.2 0 0 0 6.68 4-4cyli.dat
1 16 0 17.2 0 10 0 0 0 -13.2 0 0 0 10 4-4cyli.dat
2 24 0 26 10 3.808 26 9.218
2 24 3.808 26 9.218 7.114 26 7.114
2 24 7.114 26 7.114 9.218 26 3.808
2 24 9.218 26 3.808 9.669 26 1.67
2 24 9.669 26 1.67 9.669 17.2 1.67
2 24 9.669 17.2 1.67 10 17.2 0
2 24 0 26 10 -3.808 26 9.218
2 24 -3.808 26 9.218 -7.114 26 7.114
2 24 -7.114 26 7.114 -9.218 26 3.808
2 24 -9.218 26 3.808 -9.669 26 1.67
2 24 -9.669 26 1.67 -9.669 17.2 1.67
2 24 -9.669 17.2 1.67 -10 17.2 0
2 24 0 26 -10 3.808 26 -9.218
2 24 3.808 26 -9.218 7.114 26 -7.114
2 24 7.114 26 -7.114 9.218 26 -3.808
2 24 9.218 26 -3.808 9.669 26 -1.67
2 24 9.669 26 -1.67 9.669 17.2 -1.67
2 24 9.669 17.2 -1.67 10 17.2 0
2 24 0 26 -10 -3.808 26 -9.218
2 24 -3.808 26 -9.218 -7.114 26 -7.114
2 24 -7.114 26 -7.114 -9.218 26 -3.808
2 24 -9.218 26 -3.808 -9.669 26 -1.67
2 24 -9.669 26 -1.67 -9.669 17.2 -1.67
2 24 -9.669 17.2 -1.67 -10 17.2 0
2 24 0 26 6.68 2.538 26 6.146
2 24 2.538 26 6.146 4.743 26 4.743
2 24 4.743 26 4.743 6.146 26 2.538
2 24 6.146 26 2.538 6.329 26 1.67
2 24 6.329 26 1.67 6.329 17.2 1.67
2 24 6.329 17.2 1.67 6.68 17.2 0
2 24 0 26 6.68 -2.538 26 6.146
2 24 -2.538 26 6.146 -4.743 26 4.743
2 24 -4.743 26 4.743 -6.146 26 2.538
2 24 -6.146 26 2.538 -6.329 26 1.67
2 24 -6.329 26 1.67 -6.329 17.2 1.67
2 24 -6.329 17.2 1.67 -6.68 17.2 0
2 24 0 26 -6.68 2.538 26 -6.146
2 24 2.538 26 -6.146 4.743 26 -4.743
2 24 4.743 26 -4.743 6.146 26 -2.538
2 24 6.146 26 -2.538 6.329 26 -1.67
2 24 6.329 26 -1.67 6.329 17.2 -1.67
2 24 6.329 17.2 -1.67 6.68 17.2 0
2 24 0 26 -6.68 -2.538 26 -6.146
2 24 -2.538 26 -6.146 -4.743 26 -4.743
2 24 -4.743 26 -4.743 -6.146 26 -2.538
2 24 -6.146 26 -2.538 -6.329 26 -1.67
2 24 -6.329 26 -1.67 -6.329 17.2 -1.67
2 24 -6.329 17.2 -1.67 -6.68 17.2 0
2 24 6.329 26 1.67 9.669 26 1.67
2 24 6.329 17.2 1.67 9.669 17.2 1.67
2 24 -6.329 26 1.67 -9.669 26 1.67
2 24 -6.329 17.2 1.67 -9.669 17.2 1.67
2 24 6.329 26 -1.67 9.669 26 -1.67
2 24 6.329 17.2 -1.67 9.669 17.2 -1.67
2 24 -6.329 26 -1.67 -9.669 26 -1.67
2 24 -6.329 17.2 -1.67 -9.669 17.2 -1.67
4 16 2.538 26 6.146 0 26 6.68 0 26 10 3.808 26 9.218
4 16 4.743 26 4.743 2.538 26 6.146 3.808 26 9.218 7.114 26 7.114
4 16 6.146 26 2.538 4.743 26 4.743 7.114 26 7.114 9.218 26 3.808
4 16 6.329 26 1.67 6.146 26 2.538 9.218 26 3.808 9.669 26 1.67
4 16 6.329 17.2 1.67 6.329 26 1.67 9.669 26 1.67 9.669 17.2 1.67
4 16 6.68 17.2 0 6.329 17.2 1.67 9.669 17.2 1.67 10 17.2 0
4 16 0 26 10 0 26 6.68 -2.538 26 6.146 -3.808 26 9.218
4 16 -3.808 26 9.218 -2.538 26 6.146 -4.743 26 4.743 -7.114 26 7.114
4 16 -7.114 26 7.114 -4.743 26 4.743 -6.146 26 2.538 -9.218 26 3.808
4 16 -9.218 26 3.808 -6.146 26 2.538 -6.329 26 1.67 -9.669 26 1.67
4 16 -9.669 26 1.67 -6.329 26 1.67 -6.329 17.2 1.67 -9.669 17.2 1.67
4 16 -9.669 17.2 1.67 -6.329 17.2 1.67 -6.68 17.2 0 -10 17.2 0
4 16 0 26 -10 0 26 -6.68 2.538 26 -6.146 3.808 26 -9.218
4 16 3.808 26 -9.218 2.538 26 -6.146 4.743 26 -4.743 7.114 26 -7.114
4 16 7.114 26 -7.114 4.743 26 -4.743 6.146 26 -2.538 9.218 26 -3.808
4 16 9.218 26 -3.808 6.146 26 -2.538 6.329 26 -1.67 9.669 26 -1.67
4 16 9.669 26 -1.67 6.329 26 -1.67 6.329 17.2 -1.67 9.669 17.2 -1.67
4 16 9.669 17.2 -1.67 6.329 17.2 -1.67 6.68 17.2 0 10 17.2 0
4 16 -2.538 26 -6.146 0 26 -6.68 0 26 -10 -3.808 26 -9.218
4 16 -4.743 26 -4.743 -2.538 26 -6.146 -3.808 26 -9.218 -7.114 26 -7.114
4 16 -6.146 26 -2.538 -4.743 26 -4.743 -7.114 26 -7.114 -9.218 26 -3.808
4 16 -6.329 26 -1.67 -6.146 26 -2.538 -9.218 26 -3.808 -9.669 26 -1.67
4 16 -6.329 17.2 -1.67 -6.329 26 -1.67 -9.669 26 -1.67 -9.669 17.2 -1.67
4 16 -6.68 17.2 0 -6.329 17.2 -1.67 -9.669 17.2 -1.67 -10 17.2 0
4 16 3.808 26 9.218 0 26 10 0 17.2 10 3.808 17.2 9.218
4 16 7.114 26 7.114 3.808 26 9.218 3.808 17.2 9.218 7.114 17.2 7.114
4 16 9.218 26 3.808 7.114 26 7.114 7.114 17.2 7.114 9.218 17.2 3.808
4 16 9.669 26 1.67 9.218 26 3.808 9.218 17.2 3.808 9.669 17.2 1.67
4 16 0 17.2 10 0 26 10 -3.808 26 9.218 -3.808 17.2 9.218
4 16 -3.808 17.2 9.218 -3.808 26 9.218 -7.114 26 7.114 -7.114 17.2 7.114
4 16 -7.114 17.2 7.114 -7.114 26 7.114 -9.218 26 3.808 -9.218 17.2 3.808
4 16 -9.218 17.2 3.808 -9.218 26 3.808 -9.669 26 1.67 -9.669 17.2 1.67
4 16 0 17.2 -10 0 26 -10 3.808 26 -9.218 3.808 17.2 -9.218
4 16 3.808 17.2 -9.218 3.808 26 -9.218 7.114 26 -7.114 7.114 17.2 -7.114
4 16 7.114 17.2 -7.114 7.114 26 -7.114 9.218 26 -3.808 9.218 17.2 -3.808
4 16 9.218 17.2 -3.808 9.218 26 -3.808 9.669 26 -1.67 9.669 17.2 -1.67
4 16 -3.808 26 -9.218 0 26 -10 0 17.2 -10 -3.808 17.2 -9.218
4 16 -7.114 26 -7.114 -3.808 26 -9.218 -3.808 17.2 -9.218 -7.114 17.2 -7.114
4 16 -9.218 26 -3.808 -7.114 26 -7.114 -7.114 17.2 -7.114 -9.218 17.2 -3.808
4 16 -9.669 26 -1.67 -9.218 26 -3.808 -9.218 17.2 -3.808 -9.669 17.2 -1.67
4 16 0 17.2 6.68 0 26 6.68 2.538 26 6.146 2.538 17.2 6.146
4 16 2.538 17.2 6.146 2.538 26 6.146 4.743 26 4.743 4.743 17.2 4.743
4 16 4.743 17.2 4.743 4.743 26 4.743 6.146 26 2.538 6.146 17.2 2.538
4 16 6.146 17.2 2.538 6.146 26 2.538 6.329 26 1.67 6.329 17.2 1.67
4 16 -2.538 26 6.146 0 26 6.68 0 17.2 6.68 -2.538 17.2 6.146
4 16 -4.743 26 4.743 -2.538 26 6.146 -2.538 17.2 6.146 -4.743 17.2 4.743
4 16 -6.146 26 2.538 -4.743 26 4.743 -4.743 17.2 4.743 -6.146 17.2 2.538
4 16 -6.329 26 1.67 -6.146 26 2.538 -6.146 17.2 2.538 -6.329 17.2 1.67
4 16 2.538 26 -6.146 0 26 -6.68 0 17.2 -6.68 2.538 17.2 -6.146
4 16 4.743 26 -4.743 2.538 26 -6.146 2.538 17.2 -6.146 4.743 17.2 -4.743
4 16 6.146 26 -2.538 4.743 26 -4.743 4.743 17.2 -4.743 6.146 17.2 -2.538
4 16 6.329 26 -1.67 6.146 26 -2.538 6.146 17.2 -2.538 6.329 17.2 -1.67
4 16 0 17.2 -6.68 0 26 -6.68 -2.538 26 -6.146 -2.538 17.2 -6.146
4 16 -2.538 17.2 -6.146 -2.538 26 -6.146 -4.743 26 -4.743 -4.743 17.2 -4.743
4 16 -4.743 17.2 -4.743 -4.743 26 -4.743 -6.146 26 -2.538 -6.146 17.2 -2.538
4 16 -6.146 17.2 -2.538 -6.146 26 -2.538 -6.329 26 -1.67 -6.329 17.2 -1.67
5 24 -2.555 26 6.179 -2.555 17.2 6.179 -4.726 26 4.726 0 26 6.68
5 24 -3.841 26 9.252 -3.841 17.2 9.252 -7.081 26 7.081 0 26 10
5 24 -4.726 26 4.726 -4.726 17.2 4.726 -6.179 26 2.555 -2.555 26 6.179
5 24 -7.081 26 7.081 -7.081 17.2 7.081 -9.252 26 3.841 -3.841 26 9.252
5 24 -6.179 26 2.555 -6.179 17.2 2.555 -6.68 26 0 -4.726 26 4.726
5 24 -9.252 26 3.841 -9.252 17.2 3.841 -10 26 0 -7.081 26 7.081
5 24 -6.179 26 -2.555 -6.179 17.2 -2.555 -4.726 26 -4.726 -6.68 26 0
5 24 -9.252 26 -3.841 -9.252 17.2 -3.841 -7.081 26 -7.081 -10 26 0
5 24 -4.726 26 -4.726 -4.726 17.2 -4.726 -2.555 26 -6.179 -6.179 26 -2.555
5 24 -7.081 26 -7.081 -7.081 17.2 -7.081 -3.841 26 -9.252 -9.252 26 -3.841
5 24 -2.555 26 -6.179 -2.555 17.2 -6.179 0 26 -6.68 -4.726 26 -4.726
5 24 -3.841 26 -9.252 -3.841 17.2 -9.252 0 26 -10 -7.081 26 -7.081
5 24 0 26 -6.68 0 17.2 -6.68 2.555 26 -6.179 -2.555 26 -6.179
5 24 0 26 -10 0 17.2 -10 3.841 26 -9.252 -3.841 26 -9.252
5 24 2.555 26 -6.179 2.555 17.2 -6.179 4.726 26 -4.726 0 26 -6.68
5 24 3.841 26 -9.252 3.841 17.2 -9.252 7.081 26 -7.081 0 26 -10
5 24 4.726 17.2 -4.726 4.726 26 -4.726 2.555 26 -6.179 6.179 26 -2.555
5 24 7.081 26 -7.081 7.081 17.2 -7.081 9.252 26 -3.841 3.841 26 -9.252
5 24 6.179 26 -2.555 6.179 17.2 -2.555 6.68 26 0 4.726 26 -4.726
5 24 9.252 26 -3.841 9.252 17.2 -3.841 10 26 0 7.081 26 -7.081
5 24 0 17.2 10 0 26 10 3.841 26 9.252 -3.841 26 9.252
5 24 6.179 26 2.555 6.179 17.2 2.555 4.726 26 4.726 6.68 26 0
5 24 9.252 26 3.841 9.252 17.2 3.841 7.081 26 7.081 10 26 0
5 24 4.726 26 4.726 4.726 17.2 4.726 2.555 26 6.179 6.179 26 2.555
5 24 7.081 26 7.081 7.081 17.2 7.081 3.841 26 9.252 9.252 26 3.841
5 24 2.555 26 6.179 2.555 17.2 6.179 0 26 6.68 4.726 26 4.726
5 24 3.841 26 9.252 3.841 17.2 9.252 0 26 10 7.081 26 7.081
2 24 6.66 12 0 6.194 12 2.22
2 24 6.194 12 2.22 2.22 12 2.22
2 24 2.22 12 2.22 2.22 12 6.194
2 24 2.22 12 6.194 0 12 6.66
2 24 -6.66 12 0 -6.194 12 2.22
2 24 -6.194 12 2.22 -2.22 12 2.22
2 24 -2.22 12 2.22 -2.22 12 6.194
2 24 -2.22 12 6.194 0 12 6.66
2 24 6.66 12 0 6.194 12 -2.22
2 24 6.194 12 -2.22 2.22 12 -2.22
2 24 2.22 12 -2.22 2.22 12 -6.194
2 24 2.22 12 -6.194 0 12 -6.66
2 24 -6.66 12 0 -6.194 12 -2.22
2 24 -6.194 12 -2.22 -2.22 12 -2.22
2 24 -2.22 12 -2.22 -2.22 12 -6.194
2 24 -2.22 12 -6.194 0 12 -6.66
2 24 6.194 12 2.22 6.194 12 2.22
2 24 2.22 12 2.22 2.22 12 2.22
2 24 2.22 12 6.194 2.22 12 6.194
2 24 -6.194 12 2.22 -6.194 12 2.22
2 24 -2.22 12 2.22 -2.22 12 2.22
2 24 -2.22 12 6.194 -2.22 12 6.194
2 24 6.194 12 -2.22 6.194 12 -2.22
2 24 2.22 12 -2.22 2.22 12 -2.22
2 24 2.22 12 -6.194 2.22 12 -6.194
2 24 -6.194 12 -2.22 -6.194 12 -2.22
2 24 -2.22 12 -2.22 -2.22 12 -2.22
2 24 -2.22 12 -6.194 -2.22 12 -6.194
4 16 6.66 12 0 6.194 12 2.22 6.194 12 2.22 6.66 12 0
4 16 6.194 12 2.22 2.22 12 2.22 2.22 12 2.22 6.194 12 2.22
4 16 2.22 12 2.22 2.22 12 6.194 2.22 12 6.194 2.22 12 2.22
4 16 2.22 12 6.194 0 12 6.66 0 12 6.66 2.22 12 6.194
4 16 -6.66 12 0 -6.194 12 2.22 -6.194 12 2.22 -6.66 12 0
4 16 -6.194 12 2.22 -2.22 12 2.22 -2.22 12 2.22 -6.194 12 2.22
4 16 -2.22 12 2.22 -2.22 12 6.194 -2.22 12 6.194 -2.22 12 2.22
4 16 -2.22 12 6.194 0 12 6.66 0 12 6.66 -2.22 12 6.194
4 16 6.66 12 0 6.194 12 -2.22 6.194 12 -2.22 6.66 12 0
4 16 6.194 12 -2.22 2.22 12 -2.22 2.22 12 -2.22 6.194 12 -2.22
4 16 2.22 12 -2.22 2.22 12 -6.194 2.22 12 -6.194 2.22 12 -2.22
4 16 2.22 12 -6.194 0 12 -6.66 0 12 -6.66 2.22 12 -6.194
4 16 -6.66 12 0 -6.194 12 -2.22 -6.194 12 -2.22 -6.66 12 0
4 16 -6.194 12 -2.22 -2.22 12 -2.22 -2.22 12 -2.22 -6.194 12 -2.22
4 16 -2.22 12 -2.22 -2.22 12 -6.194 -2.22 12 -6.194 -2.22 12 -2.22
4 16 -2.22 12 -6.194 0 12 -6.66 0 12 -6.66 -2.22 12 -6.194
4 16 6.127 12 2.531 6.194 12 2.22 2.22 12 2.22 4.729 12 4.729
4 16 2.531 12 6.127 4.729 12 4.729 2.22 12 2.22 2.22 12 6.194
4 16 -2.22 12 2.22 -6.194 12 2.22 -6.127 12 2.531 -4.729 12 4.729
4 16 -2.22 12 2.22 -4.729 12 4.729 -2.531 12 6.127 -2.22 12 6.194
4 16 2.22 12 -2.22 6.194 12 -2.22 6.127 12 -2.531 4.729 12 -4.729
4 16 2.22 12 -2.22 4.729 12 -4.729 2.531 12 -6.127 2.22 12 -6.194
4 16 -6.127 12 -2.531 -6.194 12 -2.22 -2.22 12 -2.22 -4.729 12 -4.729
4 16 -2.531 12 -6.127 -4.729 12 -4.729 -2.22 12 -2.22 -2.22 12 -6.194
1 16 0 0 0 1 0 0 0 1 0 0 0 1 s\958s03.dat
1 16 0 0 0 0.707 0 -0.707 0 1 0 0.707 0 0.707 s\958s03.dat
1 16 0 0 0 0 0 -1 0 1 0 1 0 0 s\958s03.dat
1 16 0 0 0 -0.707 0 -0.707 0 1 0 0.707 0 -0.707 s\958s03.dat
1 16 0 0 0 -1 0 0 0 1 0 0 0 -1 s\958s03.dat
1 16 0 0 0 -0.707 0 0.707 0 1 0 -0.707 0 -0.707 s\958s03.dat
1 16 0 0 0 0 0 1 0 1 0 -1 0 0 s\958s03.dat
1 16 0 0 0 0.707 0 0.707 0 1 0 -0.707 0 0.707 s\958s03.dat
